vertices = 36
Beneficio de la heuristicaAvida: 544
INICIAL: (0,2) (2,16) (16,15) (15,9) (9,14) (14,1) (1,3) (3,4) (4,22) (22,24) (24,23) (23,19) (19,22) (22,20) (20,7) (7,6) (6,4) (4,8) (8,3) (3,16) (16,2) (2,15) (15,11) (11,13) (13,12) (12,32) (32,28) (28,35) (35,33) (33,35) (35,29) (29,31) (31,34) (34,25) (25,26) (26,21) (21,25) (25,21) (21,20) (20,7) (7,5) (5,1) (1,8) (8,1) (1,5) (5,0) 

MEJOR SOLUCION: (0,2) (2,16) (16,15) (15,9) (9,14) (14,12) (12,13) (13,10) (10,12) (12,32) (32,28) (28,27) (27,35) (35,33) (33,35) (35,28) (28,31) (31,30) (30,29) (29,31) (31,34) (34,25) (25,26) (26,21) (21,25) (25,21) (21,20) (20,22) (22,24) (24,18) (18,25) (25,26) (26,20) (20,7) (7,5) (5,0) (0,2) (2,15) (15,11) (11,15) (15,16) (16,3) (3,8) (8,1) (1,3) (3,4) (4,6) (6,5) (5,0) 
Beneficio = 555

MEJOR SOLUCION: (0,2) (2,16) (16,15) (15,9) (9,14) (14,12) (12,13) (13,10) (10,12) (12,32) (32,28) (28,27) (27,35) (35,33) (33,35) (35,28) (28,31) (31,30) (30,29) (29,31) (31,34) (34,25) (25,26) (26,21) (21,25) (25,21) (21,20) (20,22) (22,24) (24,18) (18,25) (25,26) (26,20) (20,7) (7,5) (5,0) (0,2) (2,15) (15,16) (16,3) (3,8) (8,1) (1,3) (3,4) (4,6) (6,5) (5,0) 
Beneficio = 560

MEJOR SOLUCION: (0,2) (2,16) (16,15) (15,9) (9,14) (14,12) (12,13) (13,10) (10,12) (12,32) (32,28) (28,27) (27,35) (35,33) (33,35) (35,28) (28,31) (31,30) (30,29) (29,31) (31,34) (34,25) (25,26) (26,21) (21,25) (25,21) (21,20) (20,22) (22,24) (24,18) (18,25) (25,26) (26,20) (20,7) (7,5) (5,0) (0,2) (2,16) (16,3) (3,8) (8,1) (1,3) (3,4) (4,6) (6,7) (7,5) (5,0) 
Beneficio = 568

MEJOR SOLUCION: (0,2) (2,16) (16,15) (15,9) (9,14) (14,12) (12,13) (13,10) (10,12) (12,32) (32,28) (28,27) (27,35) (35,33) (33,35) (35,28) (28,31) (31,30) (30,29) (29,31) (31,34) (34,25) (25,26) (26,21) (21,25) (25,21) (21,20) (20,22) (22,24) (24,18) (18,25) (25,26) (26,20) (20,7) (7,5) (5,0) (0,2) (2,16) (16,3) (3,8) (8,1) (1,3) (3,4) (4,6) (6,5) (5,0) 
Beneficio = 581

MEJOR SOLUCION: (0,2) (2,16) (16,15) (15,9) (9,14) (14,12) (12,13) (13,10) (10,12) (12,32) (32,28) (28,27) (27,35) (35,33) (33,35) (35,28) (28,31) (31,30) (30,29) (29,31) (31,34) (34,25) (25,26) (26,21) (21,25) (25,21) (21,20) (20,22) (22,24) (24,18) (18,25) (25,26) (26,20) (20,7) (7,5) (5,6) (6,4) (4,3) (3,8) (8,1) (1,3) (3,8) (8,4) (4,22) (22,19) (19,23) (23,24) (24,19) (19,22) (22,20) (20,7) (7,6) (6,5) (5,0) 
Beneficio = 585

MEJOR SOLUCION: (0,2) (2,16) (16,15) (15,9) (9,14) (14,12) (12,13) (13,10) (10,12) (12,32) (32,28) (28,27) (27,35) (35,33) (33,35) (35,28) (28,31) (31,30) (30,29) (29,31) (31,34) (34,25) (25,26) (26,21) (21,25) (25,21) (21,20) (20,22) (22,24) (24,18) (18,25) (25,26) (26,20) (20,7) (7,5) (5,6) (6,4) (4,3) (3,8) (8,1) (1,3) (3,8) (8,4) (4,22) (22,19) (19,23) (23,0) 
Beneficio = 598

MEJOR SOLUCION: (0,2) (2,16) (16,15) (15,9) (9,14) (14,12) (12,13) (13,10) (10,12) (12,32) (32,28) (28,27) (27,35) (35,33) (33,35) (35,28) (28,31) (31,30) (30,29) (29,31) (31,34) (34,25) (25,26) (26,21) (21,25) (25,21) (21,20) (20,22) (22,24) (24,18) (18,25) (25,26) (26,20) (20,7) (7,5) (5,6) (6,4) (4,3) (3,8) (8,1) (1,3) (3,16) (16,2) (2,0) 
Beneficio = 601

MEJOR SOLUCION: (0,2) (2,16) (16,15) (15,9) (9,14) (14,12) (12,13) (13,10) (10,12) (12,32) (32,28) (28,27) (27,35) (35,33) (33,35) (35,28) (28,31) (31,30) (30,29) (29,31) (31,34) (34,25) (25,26) (26,21) (21,25) (25,21) (21,20) (20,22) (22,24) (24,18) (18,25) (25,26) (26,20) (20,7) (7,5) (5,6) (6,4) (4,3) (3,8) (8,1) (1,5) (5,0) 
Beneficio = 618
