vertices = 16
Beneficio de la heuristicaAvida: 70
INICIAL: (0,4) (4,6) (6,7) (7,14) (14,13) (13,2) (2,10) (10,1) (1,3) (3,2) (2,0) 

MEJOR SOLUCION: (0,2) (2,10) (10,1) (1,3) (3,2) (2,13) (13,14) (14,12) (12,6) (6,7) (7,5) (5,6) (6,4) (4,0) 
Beneficio = 109

MEJOR SOLUCION: (0,2) (2,10) (10,1) (1,3) (3,13) (13,14) (14,12) (12,6) (6,7) (7,5) (5,6) (6,4) (4,0) 
Beneficio = 115

RESULTADO: (0,2) (2,10) (10,1) (1,3) (3,13) (13,14) (14,12) (12,6) (6,7) (7,5) (5,6) (6,4) (4,0) 
Beneficio = 115
Tiempo: 0.843605
