vertices = 16
Beneficio de la heuristicaAvida: 178
INICIAL: (0,9) (9,10) (10,1) (1,3) (3,13) (13,14) (14,12) (12,6) (6,4) (4,5) (5,7) (7,6) (6,5) (5,4) (4,0) 

MEJOR SOLUCION: (0,9) (9,10) (10,8) (8,11) (11,1) (1,3) (3,13) (13,14) (14,12) (12,6) (6,7) (7,5) (5,6) (6,4) (4,0) 
Beneficio = 193

MEJOR SOLUCION: (0,9) (9,10) (10,1) (1,3) (3,13) (13,14) (14,12) (12,6) (6,7) (7,5) (5,6) (6,4) (4,0) 
Beneficio = 210

RESULTADO: (0,9) (9,10) (10,1) (1,3) (3,13) (13,14) (14,12) (12,6) (6,7) (7,5) (5,6) (6,4) (4,0) 
Beneficio = 210
Tiempo: 0.763188
