vertices = 16
Beneficio de la heuristicaAvida: 132
INICIAL: (0,2) (2,3) (3,8) (8,10) (10,11) (11,15) (15,14) (14,12) (12,0) 

MEJOR SOLUCION: (0,2) (2,3) (3,2) (2,1) (1,8) (8,10) (10,11) (11,12) (12,14) (14,15) (15,13) (13,5) (5,4) (4,6) (6,7) (7,0) 
Beneficio = 138

MEJOR SOLUCION: (0,2) (2,3) (3,2) (2,1) (1,8) (8,9) (9,8) (8,10) (10,11) (11,12) (12,14) (14,15) (15,13) (13,5) (5,4) (4,6) (6,7) (7,0) 
Beneficio = 145

MEJOR SOLUCION: (0,2) (2,3) (3,8) (8,10) (10,11) (11,12) (12,14) (14,15) (15,13) (13,4) (4,5) (5,6) (6,7) (7,0) 
Beneficio = 152

MEJOR SOLUCION: (0,2) (2,3) (3,8) (8,10) (10,11) (11,12) (12,14) (14,15) (15,13) (13,5) (5,4) (4,6) (6,7) (7,0) 
Beneficio = 159

MEJOR SOLUCION: (0,2) (2,3) (3,8) (8,9) (9,8) (8,10) (10,11) (11,12) (12,14) (14,15) (15,13) (13,5) (5,4) (4,6) (6,7) (7,0) 
Beneficio = 166

RESULTADO: (0,2) (2,3) (3,8) (8,9) (9,8) (8,10) (10,11) (11,12) (12,14) (14,15) (15,13) (13,5) (5,4) (4,6) (6,7) (7,0) 
Beneficio = 166
Tiempo: 3452.18
