vertices = 16
Beneficio de la heuristicaAvida: 151
INICIAL: (0,4) (4,5) (5,7) (7,14) (14,12) (12,15) (15,13) (13,2) (2,10) (10,9) (9,8) (8,11) (11,3) (3,1) (1,3) (3,2) (2,0) 

MEJOR SOLUCION: (0,4) (4,6) (6,7) (7,5) (5,6) (6,5) (5,4) (4,6) (6,12) (12,15) (15,13) (13,2) (2,3) (3,1) (1,3) (3,11) (11,8) (8,9) (9,10) (10,2) (2,0) 
Beneficio = 182

MEJOR SOLUCION: (0,4) (4,6) (6,7) (7,5) (5,6) (6,5) (5,12) (12,15) (15,13) (13,2) (2,3) (3,1) (1,3) (3,11) (11,8) (8,9) (9,10) (10,2) (2,0) 
Beneficio = 260

RESULTADO: (0,4) (4,6) (6,7) (7,5) (5,6) (6,5) (5,12) (12,15) (15,13) (13,2) (2,3) (3,1) (1,3) (3,11) (11,8) (8,9) (9,10) (10,2) (2,0) 
Beneficio = 260
Tiempo: 100.33
