vertices = 16
Beneficio de la heuristicaAvida: 428
INICIAL: (0,3) (3,1) (1,2) (2,4) (4,5) (5,15) (15,13) (13,12) (12,14) (14,12) (12,6) (6,5) (5,7) (7,4) (4,2) (2,0) (0,1) (1,0) 

MEJOR SOLUCION: (0,3) (3,1) (1,2) (2,4) (4,5) (5,6) (6,12) (12,13) (13,15) (15,5) (5,7) (7,4) (4,3) (3,2) (2,0) (0,1) (1,0) 
Beneficio = 434

MEJOR SOLUCION: (0,3) (3,1) (1,2) (2,4) (4,5) (5,6) (6,12) (12,13) (13,15) (15,5) (5,7) (7,4) (4,3) (3,1) (1,0) 
Beneficio = 445

MEJOR SOLUCION: (0,3) (3,4) (4,5) (5,6) (6,12) (12,13) (13,15) (15,5) (5,7) (7,4) (4,2) (2,1) (1,0) 
Beneficio = 457

RESULTADO: (0,3) (3,4) (4,5) (5,6) (6,12) (12,13) (13,15) (15,5) (5,7) (7,4) (4,2) (2,1) (1,0) 
Beneficio = 457
Tiempo: 3276
