vertices = 16
Beneficio de la heuristicaAvida: 6
INICIAL: (0,1) (1,2) (2,3) (3,7) (7,11) (11,15) (15,14) (14,13) (13,9) (9,8) (8,4) (4,5) (5,1) (1,2) (2,6) (6,5) (5,4) (4,0) 

MEJOR SOLUCION: (0,1) (1,5) (5,4) (4,8) (8,9) (9,13) (13,14) (14,15) (15,11) (11,7) (7,3) (3,2) (2,6) (6,5) (5,1) (1,0) 
Beneficio = 7

MEJOR SOLUCION: (0,1) (1,5) (5,6) (6,2) (2,3) (3,7) (7,11) (11,15) (15,14) (14,13) (13,9) (9,8) (8,4) (4,0) 
Beneficio = 8

RESULTADO: (0,1) (1,5) (5,6) (6,2) (2,3) (3,7) (7,11) (11,15) (15,14) (14,13) (13,9) (9,8) (8,4) (4,0) 
Beneficio = 8
Tiempo: 76.3865
