vertices = 14
Beneficio de la heuristicaAvida: 54
INICIAL: (0,2) (2,3) (3,2) (2,1) (1,9) (9,8) (8,11) (11,10) (10,9) (9,6) (6,4) (4,5) (5,6) (6,2) (2,0) 

MEJOR SOLUCION: (0,2) (2,3) (3,0) (0,4) (4,6) (6,5) (5,4) (4,1) (1,9) (9,10) (10,11) (11,8) (8,7) (7,1) (1,2) (2,0) 
Beneficio = 62

MEJOR SOLUCION: (0,2) (2,1) (1,9) (9,10) (10,11) (11,8) (8,7) (7,8) (8,9) (9,6) (6,4) (4,5) (5,6) (6,2) (2,3) (3,0) 
Beneficio = 65

MEJOR SOLUCION: (0,2) (2,1) (1,9) (9,10) (10,11) (11,8) (8,7) (7,6) (6,4) (4,5) (5,6) (6,2) (2,3) (3,0) 
Beneficio = 66

RESULTADO: (0,2) (2,1) (1,9) (9,10) (10,11) (11,8) (8,7) (7,6) (6,4) (4,5) (5,6) (6,2) (2,3) (3,0) 
Beneficio = 66
Tiempo: 72.752
