vertices = 20
Beneficio de la heuristicaAvida: 27
INICIAL: (0,1) (1,2) (2,3) (3,4) (4,19) (19,18) (18,17) (17,16) (16,15) (15,14) (14,13) (13,6) (6,7) (7,9) (9,10) (10,9) (9,7) (7,8) (8,11) (11,12) (12,15) (15,4) (4,5) (5,0) 

MEJOR SOLUCION: (0,1) (1,2) (2,3) (3,4) (4,19) (19,18) (18,17) (17,16) (16,15) (15,14) (14,13) (13,6) (6,7) (7,9) (9,7) (7,8) (8,11) (11,12) (12,15) (15,4) (4,5) (5,0) 
Beneficio = 28

MEJOR SOLUCION: (0,1) (1,2) (2,3) (3,4) (4,19) (19,18) (18,17) (17,16) (16,12) (12,11) (11,8) (8,7) (7,6) (6,13) (13,14) (14,15) (15,4) (4,5) (5,0) 
Beneficio = 35

RESULTADO: (0,1) (1,2) (2,3) (3,4) (4,19) (19,18) (18,17) (17,16) (16,12) (12,11) (11,8) (8,7) (7,6) (6,13) (13,14) (14,15) (15,4) (4,5) (5,0) 
Beneficio = 35
Tiempo: 725.732
