vertices = 24
Beneficio de la heuristicaAvida: 38
INICIAL: (0,1) (1,2) (2,3) (3,19) (19,21) (21,20) (20,5) (5,6) (6,8) (8,9) (9,22) (22,21) (21,23) (23,15) (15,14) (14,18) (18,17) (17,16) (16,15) (15,13) (13,10) (10,9) (9,8) (8,7) (7,6) (6,5) (5,4) (4,3) (3,2) (2,0) 

MEJOR SOLUCION: (0,1) (1,2) (2,0) (0,17) (17,18) (18,14) (14,16) (16,15) (15,14) (14,13) (13,12) (12,11) (11,13) (13,10) (10,9) (9,22) (22,21) (21,23) (23,15) (15,13) (13,15) (15,19) (19,21) (21,20) (20,5) (5,6) (6,8) (8,7) (7,6) (6,8) (8,9) (9,22) (22,23) (23,15) (15,2) (2,0) 
Beneficio = 40

MEJOR SOLUCION: (0,1) (1,2) (2,0) (0,17) (17,18) (18,14) (14,16) (16,15) (15,14) (14,13) (13,12) (12,11) (11,13) (13,10) (10,9) (9,22) (22,21) (21,23) (23,15) (15,13) (13,15) (15,19) (19,21) (21,20) (20,5) (5,6) (6,8) (8,7) (7,6) (6,5) (5,4) (4,3) (3,19) (19,15) (15,2) (2,0) 
Beneficio = 41

MEJOR SOLUCION: (0,1) (1,2) (2,0) (0,17) (17,18) (18,14) (14,16) (16,15) (15,14) (14,13) (13,12) (12,11) (11,13) (13,10) (10,9) (9,22) (22,21) (21,23) (23,15) (15,13) (13,10) (10,9) (9,8) (8,6) (6,7) (7,8) (8,6) (6,5) (5,20) (20,21) (21,19) (19,15) (15,2) (2,1) (1,0) 
Beneficio = 43

MEJOR SOLUCION: (0,1) (1,2) (2,0) (0,17) (17,18) (18,14) (14,16) (16,15) (15,14) (14,13) (13,12) (12,11) (11,13) (13,10) (10,9) (9,22) (22,21) (21,23) (23,15) (15,13) (13,10) (10,9) (9,8) (8,6) (6,7) (7,8) (8,6) (6,5) (5,20) (20,21) (21,19) (19,15) (15,2) (2,0) 
Beneficio = 45
