vertices = 14
Beneficio de la heuristicaAvida: 44
INICIAL: (0,1) (1,3) (3,4) (4,13) (13,12) (12,11) (11,9) (9,8) (8,5) (5,10) (10,8) (8,6) (6,7) (7,8) (8,5) (5,4) (4,2) (2,1) (1,0) 

MEJOR SOLUCION: (0,1) (1,3) (3,4) (4,13) (13,12) (12,11) (11,9) (9,8) (8,5) (5,10) (10,8) (8,6) (6,7) (7,8) (8,5) (5,4) (4,2) (2,3) (3,2) (2,1) (1,0) 
Beneficio = 45

RESULTADO: (0,1) (1,3) (3,4) (4,13) (13,12) (12,11) (11,9) (9,8) (8,5) (5,10) (10,8) (8,6) (6,7) (7,8) (8,5) (5,4) (4,2) (2,3) (3,2) (2,1) (1,0) 
Beneficio = 45
Tiempo: 1464.32
