vertices = 12
Beneficio de la heuristicaAvida: 35
INICIAL: (0,1) (1,10) (10,9) (9,6) (6,7) (7,8) (8,11) (11,10) (10,1) (1,2) (2,0) (0,3) (3,4) (4,0) 

MEJOR SOLUCION: (0,1) (1,2) (2,0) (0,3) (3,4) (4,1) (1,10) (10,11) (11,9) (9,6) (6,7) (7,8) (8,11) (11,9) (9,6) (6,5) (5,0) 
Beneficio = 37

MEJOR SOLUCION: (0,1) (1,2) (2,0) (0,3) (3,4) (4,1) (1,10) (10,11) (11,9) (9,11) (11,8) (8,7) (7,6) (6,5) (5,0) 
Beneficio = 39

MEJOR SOLUCION: (0,1) (1,2) (2,0) (0,3) (3,4) (4,1) (1,10) (10,9) (9,11) (11,8) (8,7) (7,6) (6,5) (5,0) 
Beneficio = 41

RESULTADO: (0,1) (1,2) (2,0) (0,3) (3,4) (4,1) (1,10) (10,9) (9,11) (11,8) (8,7) (7,6) (6,5) (5,0) 
Beneficio = 41
Tiempo: 30.1306
