vertices = 28
Beneficio de la heuristicaAvida: 93
INICIAL: (0,1) (1,3) (3,0) (0,1) (1,2) (2,7) (7,5) (5,6) (6,8) (8,9) (9,10) (10,13) (13,8) (8,21) (21,22) (22,20) (20,19) (19,17) (17,16) (16,15) (15,14) (14,12) (12,11) (11,10) (10,11) (11,13) (13,12) (12,21) (21,23) (23,24) (24,27) (27,26) (26,25) (25,19) (19,18) (18,17) (17,25) (25,24) (24,3) (3,0) 

MEJOR SOLUCION: (0,1) (1,3) (3,2) (2,1) (1,27) (27,24) (24,25) (25,23) (23,21) (21,22) (22,23) (23,24) (24,3) (3,0) (0,1) (1,27) (27,26) (26,25) (25,19) (19,17) (17,18) (18,19) (19,20) (20,22) (22,21) (21,2) (2,7) (7,5) (5,6) (6,7) (7,4) (4,5) (5,4) (4,21) (21,8) (8,9) (9,10) (10,13) (13,12) (12,11) (11,13) (13,21) (21,3) (3,0) 
Beneficio = 94

MEJOR SOLUCION: (0,1) (1,3) (3,2) (2,1) (1,27) (27,24) (24,25) (25,23) (23,21) (21,22) (22,23) (23,24) (24,3) (3,0) (0,1) (1,27) (27,26) (26,25) (25,19) (19,17) (17,18) (18,19) (19,20) (20,22) (22,21) (21,2) (2,7) (7,5) (5,6) (6,7) (7,4) (4,5) (5,8) (8,9) (9,10) (10,13) (13,12) (12,11) (11,13) (13,6) (6,7) (7,24) (24,27) (27,0) 
Beneficio = 95

MEJOR SOLUCION: (0,1) (1,3) (3,2) (2,1) (1,27) (27,24) (24,25) (25,23) (23,21) (21,22) (22,23) (23,24) (24,3) (3,0) (0,1) (1,27) (27,26) (26,25) (25,19) (19,17) (17,18) (18,19) (19,20) (20,22) (22,21) (21,2) (2,7) (7,5) (5,6) (6,7) (7,4) (4,5) (5,8) (8,9) (9,10) (10,13) (13,12) (12,11) (11,13) (13,21) (21,3) (3,0) 
Beneficio = 97

MEJOR SOLUCION: (0,1) (1,3) (3,2) (2,1) (1,27) (27,24) (24,25) (25,23) (23,21) (21,22) (22,23) (23,24) (24,3) (3,0) (0,1) (1,27) (27,26) (26,25) (25,19) (19,17) (17,18) (18,19) (19,20) (20,22) (22,21) (21,2) (2,7) (7,5) (5,6) (6,7) (7,4) (4,5) (5,8) (8,13) (13,12) (12,11) (11,13) (13,10) (10,9) (9,8) (8,21) (21,3) (3,0) 
Beneficio = 98

MEJOR SOLUCION: (0,1) (1,3) (3,2) (2,1) (1,27) (27,24) (24,25) (25,23) (23,21) (21,22) (22,23) (23,24) (24,3) (3,0) (0,1) (1,27) (27,26) (26,25) (25,19) (19,17) (17,18) (18,19) (19,20) (20,22) (22,21) (21,2) (2,7) (7,5) (5,6) (6,7) (7,4) (4,5) (5,12) (12,11) (11,13) (13,10) (10,9) (9,8) (8,13) (13,12) (12,14) (14,15) (15,16) (16,14) (14,12) (12,21) (21,3) (3,0) 
Beneficio = 99

MEJOR SOLUCION: (0,1) (1,3) (3,2) (2,1) (1,27) (27,24) (24,25) (25,23) (23,21) (21,22) (22,23) (23,24) (24,3) (3,0) (0,1) (1,27) (27,26) (26,25) (25,19) (19,17) (17,18) (18,19) (19,20) (20,22) (22,21) (21,2) (2,7) (7,5) (5,6) (6,7) (7,4) (4,5) (5,12) (12,11) (11,13) (13,10) (10,9) (9,8) (8,13) (13,12) (12,21) (21,3) (3,0) 
Beneficio = 100

MEJOR SOLUCION: (0,1) (1,3) (3,2) (2,1) (1,27) (27,24) (24,25) (25,23) (23,21) (21,22) (22,23) (23,24) (24,3) (3,0) (0,1) (1,27) (27,26) (26,25) (25,19) (19,17) (17,18) (18,19) (19,20) (20,22) (22,21) (21,2) (2,7) (7,5) (5,6) (6,8) (8,9) (9,10) (10,13) (13,12) (12,11) (11,13) (13,20) (20,5) (5,4) (4,24) (24,27) (27,0) 
Beneficio = 101

MEJOR SOLUCION: (0,1) (1,3) (3,2) (2,1) (1,27) (27,24) (24,25) (25,23) (23,21) (21,22) (22,23) (23,24) (24,3) (3,0) (0,1) (1,27) (27,26) (26,25) (25,19) (19,17) (17,18) (18,19) (19,20) (20,22) (22,21) (21,2) (2,7) (7,5) (5,6) (6,8) (8,9) (9,10) (10,13) (13,11) (11,12) (12,5) (5,4) (4,24) (24,27) (27,0) 
Beneficio = 103
