vertices = 23
Beneficio de la heuristicaAvida: 16
INICIAL: (0,1) (1,0) (0,1) (1,21) (21,18) (18,17) (17,16) (16,15) (15,17) (17,5) (5,4) (4,3) (3,7) (7,8) (8,9) (9,10) (10,11) (11,9) (9,11) (11,12) (12,11) (11,16) (16,19) (19,20) (20,21) (21,22) (22,0) 

MEJOR SOLUCION: (0,1) (1,21) (21,18) (18,17) (17,16) (16,15) (15,17) (17,5) (5,4) (4,6) (6,2) (2,3) (3,4) (4,3) (3,7) (7,8) (8,9) (9,10) (10,11) (11,16) (16,19) (19,20) (20,21) (21,22) (22,0) 
Beneficio = 18

MEJOR SOLUCION: (0,1) (1,21) (21,18) (18,17) (17,16) (16,15) (15,17) (17,5) (5,4) (4,6) (6,18) (18,16) (16,19) (19,20) (20,21) (21,22) (22,0) 
Beneficio = 20

MEJOR SOLUCION: (0,1) (1,18) (18,17) (17,16) (16,15) (15,17) (17,5) (5,4) (4,6) (6,18) (18,21) (21,22) (22,0) 
Beneficio = 21

RESULTADO: (0,1) (1,18) (18,17) (17,16) (16,15) (15,17) (17,5) (5,4) (4,6) (6,18) (18,21) (21,22) (22,0) 
Beneficio = 21
Tiempo: 1115.28
