vertices = 33
Beneficio de la heuristicaAvida: 51
INICIAL: (0,1) (1,3) (3,4) (4,32) (32,31) (31,27) (27,28) (28,29) (29,13) (13,11) (11,10) (10,15) (15,14) (14,16) (16,17) (17,19) (19,20) (20,18) (18,29) (29,24) (24,25) (25,23) (23,24) (24,3) (3,2) (2,1) (1,0) (0,5) (5,6) (6,9) (9,11) (11,12) (12,11) (11,9) (9,10) (10,9) (9,8) (8,5) (5,0) 

MEJOR SOLUCION: (0,1) (1,3) (3,2) (2,1) (1,3) (3,4) (4,32) (32,31) (31,30) (30,28) (28,29) (29,13) (13,11) (11,12) (12,11) (11,10) (10,9) (9,8) (8,5) (5,6) (6,5) (5,7) (7,8) (8,30) (30,27) (27,28) (28,27) (27,31) (31,32) (32,4) (4,2) (2,1) (1,0) 
Beneficio = 54

MEJOR SOLUCION: (0,1) (1,3) (3,2) (2,1) (1,3) (3,4) (4,32) (32,31) (31,30) (30,28) (28,29) (29,13) (13,11) (11,12) (12,11) (11,10) (10,9) (9,8) (8,5) (5,6) (6,5) (5,7) (7,8) (8,30) (30,27) (27,28) (28,27) (27,31) (31,30) (30,13) (13,15) (15,14) (14,16) (16,17) (17,19) (19,20) (20,18) (18,29) (29,24) (24,25) (25,26) (26,25) (25,23) (23,24) (24,1) (1,0) 
Beneficio = 56

MEJOR SOLUCION: (0,1) (1,3) (3,2) (2,1) (1,3) (3,4) (4,32) (32,31) (31,30) (30,28) (28,29) (29,13) (13,11) (11,12) (12,11) (11,10) (10,9) (9,8) (8,5) (5,6) (6,5) (5,7) (7,8) (8,30) (30,27) (27,28) (28,27) (27,31) (31,24) (24,25) (25,23) (23,24) (24,25) (25,26) (26,24) (24,1) (1,0) 
Beneficio = 60

MEJOR SOLUCION: (0,1) (1,3) (3,2) (2,1) (1,3) (3,4) (4,32) (32,31) (31,30) (30,28) (28,29) (29,13) (13,11) (11,12) (12,11) (11,10) (10,9) (9,8) (8,5) (5,6) (6,5) (5,7) (7,8) (8,30) (30,27) (27,28) (28,27) (27,31) (31,24) (24,25) (25,23) (23,24) (24,1) (1,0) 
Beneficio = 62

MEJOR SOLUCION: (0,1) (1,3) (3,2) (2,1) (1,3) (3,4) (4,32) (32,31) (31,30) (30,28) (28,29) (29,13) (13,11) (11,12) (12,11) (11,10) (10,9) (9,8) (8,5) (5,6) (6,5) (5,7) (7,8) (8,30) (30,27) (27,28) (28,27) (27,31) (31,24) (24,25) (25,26) (26,25) (25,23) (23,24) (24,1) (1,0) 
Beneficio = 65
