vertices = 20
Beneficio de la heuristicaAvida: -1251
INICIAL: (0,6) (6,5) (5,14) (14,17) (17,10) (10,12) (12,7) (7,9) (9,3) (3,8) (8,18) (18,1) (1,8) (8,3) (3,9) (9,2) (2,7) (7,17) (17,0) 

MEJOR SOLUCION: (0,6) (6,5) (5,14) (14,17) (17,10) (10,16) (16,5) (5,6) (6,14) (14,0) 
Beneficio = 3206

MEJOR SOLUCION: (0,6) (6,5) (5,14) (14,17) (17,10) (10,16) (16,5) (5,6) (6,0) 
Beneficio = 3391

MEJOR SOLUCION: (0,6) (6,5) (5,14) (14,17) (17,10) (10,16) (16,5) (5,0) 
Beneficio = 3910

MEJOR SOLUCION: (0,6) (6,5) (5,14) (14,17) (17,10) (10,16) (16,14) (14,0) 
Beneficio = 4164

MEJOR SOLUCION: (0,6) (6,5) (5,16) (16,10) (10,17) (17,14) (14,0) 
Beneficio = 4253

RESULTADO: (0,6) (6,5) (5,16) (16,10) (10,17) (17,14) (14,0) 
Beneficio = 4253
Tiempo: 3914.95
