vertices = 20
Beneficio de la heuristicaAvida: 5125
INICIAL: (0,5) (5,13) (13,1) (1,8) (8,15) (15,19) (19,8) (8,11) (11,9) (9,0) 

MEJOR SOLUCION: (0,5) (5,10) (10,12) (12,18) (18,7) (7,5) (5,13) (13,1) (1,8) (8,15) (15,19) (19,16) (16,8) (8,11) (11,9) (9,0) 
Beneficio = 5138

MEJOR SOLUCION: (0,5) (5,10) (10,12) (12,18) (18,7) (7,5) (5,13) (13,1) (1,8) (8,15) (15,19) (19,8) (8,11) (11,9) (9,0) 
Beneficio = 5204

MEJOR SOLUCION: (0,5) (5,10) (10,12) (12,7) (7,5) (5,13) (13,1) (1,8) (8,15) (15,19) (19,16) (16,8) (8,11) (11,9) (9,0) 
Beneficio = 5572

MEJOR SOLUCION: (0,5) (5,10) (10,12) (12,7) (7,5) (5,13) (13,1) (1,8) (8,15) (15,19) (19,8) (8,11) (11,9) (9,0) 
Beneficio = 5638

RESULTADO: (0,5) (5,10) (10,12) (12,7) (7,5) (5,13) (13,1) (1,8) (8,15) (15,19) (19,8) (8,11) (11,9) (9,0) 
Beneficio = 5638
Tiempo: 0.833381
