vertices = 20
Beneficio de la heuristicaAvida: 11448
INICIAL: (0,18) (18,2) (2,17) (17,12) (12,8) (8,2) (2,9) (9,0) (0,14) (14,5) (5,7) (7,6) (6,5) (5,14) (14,0) 

MEJOR SOLUCION: (0,18) (18,2) (2,17) (17,4) (4,15) (15,2) (2,9) (9,13) (13,2) (2,18) (18,8) (8,12) (12,10) (10,11) (11,14) (14,5) (5,7) (7,16) (16,6) (6,5) (5,14) (14,0) 
Beneficio = 12755

MEJOR SOLUCION: (0,18) (18,2) (2,17) (17,4) (4,15) (15,2) (2,9) (9,13) (13,2) (2,18) (18,8) (8,12) (12,10) (10,11) (11,14) (14,5) (5,7) (7,6) (6,5) (5,14) (14,0) 
Beneficio = 13347

MEJOR SOLUCION: (0,18) (18,2) (2,17) (17,4) (4,15) (15,2) (2,9) (9,13) (13,2) (2,18) (18,8) (8,12) (12,10) (10,11) (11,16) (16,7) (7,5) (5,14) (14,0) 
Beneficio = 13567

MEJOR SOLUCION: (0,18) (18,2) (2,17) (17,4) (4,15) (15,2) (2,9) (9,13) (13,2) (2,8) (8,12) (12,17) (17,1) (1,3) (3,10) (10,11) (11,14) (14,5) (5,7) (7,16) (16,6) (6,5) (5,14) (14,0) 
Beneficio = 14285

MEJOR SOLUCION: (0,18) (18,2) (2,17) (17,4) (4,15) (15,2) (2,9) (9,13) (13,2) (2,8) (8,12) (12,17) (17,1) (1,3) (3,10) (10,11) (11,14) (14,5) (5,7) (7,6) (6,5) (5,14) (14,0) 
Beneficio = 14877

MEJOR SOLUCION: (0,18) (18,2) (2,17) (17,4) (4,15) (15,2) (2,9) (9,13) (13,2) (2,8) (8,12) (12,17) (17,1) (1,3) (3,10) (10,11) (11,16) (16,7) (7,5) (5,14) (14,0) 
Beneficio = 15097

MEJOR SOLUCION: (0,18) (18,2) (2,17) (17,4) (4,15) (15,2) (2,9) (9,13) (13,2) (2,8) (8,12) (12,17) (17,1) (1,8) (8,10) (10,11) (11,16) (16,7) (7,5) (5,14) (14,0) 
Beneficio = 15142

MEJOR SOLUCION: (0,18) (18,2) (2,17) (17,4) (4,15) (15,2) (2,9) (9,13) (13,2) (2,8) (8,12) (12,17) (17,1) (1,10) (10,11) (11,14) (14,5) (5,7) (7,16) (16,6) (6,5) (5,14) (14,0) 
Beneficio = 15170

MEJOR SOLUCION: (0,18) (18,2) (2,17) (17,4) (4,15) (15,2) (2,9) (9,13) (13,2) (2,8) (8,12) (12,17) (17,1) (1,10) (10,11) (11,14) (14,5) (5,7) (7,6) (6,5) (5,14) (14,0) 
Beneficio = 15762

MEJOR SOLUCION: (0,18) (18,2) (2,17) (17,4) (4,15) (15,2) (2,9) (9,13) (13,2) (2,8) (8,12) (12,17) (17,1) (1,10) (10,11) (11,16) (16,7) (7,5) (5,14) (14,0) 
Beneficio = 15982

MEJOR SOLUCION: (0,18) (18,2) (2,17) (17,4) (4,15) (15,2) (2,9) (9,13) (13,2) (2,8) (8,12) (12,10) (10,11) (11,14) (14,5) (5,7) (7,6) (6,5) (5,14) (14,0) 
Beneficio = 16402

MEJOR SOLUCION: (0,18) (18,2) (2,17) (17,4) (4,15) (15,2) (2,9) (9,13) (13,2) (2,8) (8,12) (12,10) (10,11) (11,16) (16,7) (7,5) (5,14) (14,0) 
Beneficio = 16622
