vertices = 20
Beneficio de la heuristicaAvida: 16903
INICIAL: (0,15) (15,3) (3,1) (1,2) (2,7) (7,5) (5,17) (17,14) (14,18) (18,19) (19,9) (9,15) (15,1) (1,0) 

MEJOR SOLUCION: (0,15) (15,9) (9,6) (6,15) (15,3) (3,1) (1,2) (2,7) (7,5) (5,17) (17,14) (14,18) (18,19) (19,1) (1,0) 
Beneficio = 17080

MEJOR SOLUCION: (0,15) (15,9) (9,6) (6,15) (15,3) (3,1) (1,2) (2,7) (7,5) (5,17) (17,14) (14,18) (18,19) (19,0) 
Beneficio = 17140

MEJOR SOLUCION: (0,15) (15,9) (9,6) (6,15) (15,3) (3,1) (1,2) (2,7) (7,5) (5,17) (17,14) (14,18) (18,1) (1,0) 
Beneficio = 17316

RESULTADO: (0,15) (15,9) (9,6) (6,15) (15,3) (3,1) (1,2) (2,7) (7,5) (5,17) (17,14) (14,18) (18,1) (1,0) 
Beneficio = 17316
Tiempo: 12.9537
