vertices = 30
Beneficio de la heuristicaAvida: 6858
INICIAL: (0,5) (5,25) (25,28) (28,21) (21,0) (0,26) (26,20) (20,17) (17,3) (3,22) (22,15) (15,4) (4,24) (24,14) (14,29) (29,24) (24,11) (11,9) (9,13) (13,28) (28,0) 

MEJOR SOLUCION: (0,5) (5,25) (25,28) (28,21) (21,27) (27,25) (25,28) (28,6) (6,12) (12,18) (18,7) (7,13) (13,9) (9,11) (11,1) (1,15) (15,22) (22,3) (3,17) (17,20) (20,26) (26,0) 
Beneficio = 7835

MEJOR SOLUCION: (0,5) (5,25) (25,28) (28,21) (21,27) (27,25) (25,28) (28,6) (6,12) (12,18) (18,7) (7,13) (13,9) (9,11) (11,1) (1,15) (15,11) (11,4) (4,24) (24,14) (14,29) (29,24) (24,4) (4,15) (15,22) (22,3) (3,17) (17,20) (20,26) (26,0) 
Beneficio = 7846

MEJOR SOLUCION: (0,5) (5,25) (25,28) (28,21) (21,27) (27,25) (25,28) (28,6) (6,12) (12,18) (18,7) (7,13) (13,9) (9,11) (11,1) (1,15) (15,11) (11,24) (24,14) (14,29) (29,24) (24,4) (4,15) (15,22) (22,3) (3,17) (17,20) (20,26) (26,0) 
Beneficio = 7902
