vertices = 30
Beneficio de la heuristicaAvida: 15408
INICIAL: (0,27) (27,20) (20,8) (8,9) (9,23) (23,4) (4,24) (24,21) (21,19) (19,18) (18,3) (3,7) (7,5) (5,17) (17,3) (3,1) (1,2) (2,26) (26,3) (3,0) 

MEJOR SOLUCION: (0,29) (29,3) (3,18) (18,19) (19,9) (9,23) (23,4) (4,24) (24,21) (21,10) (10,22) (22,23) (23,21) (21,20) (20,8) (8,9) (9,20) (20,27) (27,14) (14,3) (3,1) (1,2) (2,26) (26,7) (7,3) (3,5) (5,17) (17,0) 
Beneficio = 15433

MEJOR SOLUCION: (0,29) (29,3) (3,18) (18,19) (19,9) (9,23) (23,4) (4,24) (24,21) (21,10) (10,22) (22,23) (23,21) (21,20) (20,8) (8,9) (9,20) (20,27) (27,14) (14,3) (3,1) (1,2) (2,26) (26,7) (7,3) (3,17) (17,5) (5,0) 
Beneficio = 15595

MEJOR SOLUCION: (0,29) (29,3) (3,18) (18,19) (19,9) (9,23) (23,4) (4,24) (24,21) (21,10) (10,22) (22,23) (23,21) (21,20) (20,8) (8,9) (9,20) (20,27) (27,14) (14,3) (3,1) (1,2) (2,26) (26,7) (7,5) (5,17) (17,0) 
Beneficio = 15750

MEJOR SOLUCION: (0,29) (29,3) (3,18) (18,19) (19,9) (9,23) (23,4) (4,24) (24,21) (21,10) (10,22) (22,23) (23,21) (21,9) (9,8) (8,20) (20,27) (27,14) (14,3) (3,1) (1,2) (2,26) (26,7) (7,3) (3,17) (17,5) (5,0) 
Beneficio = 15844

MEJOR SOLUCION: (0,29) (29,3) (3,18) (18,19) (19,9) (9,23) (23,4) (4,24) (24,21) (21,10) (10,22) (22,23) (23,21) (21,9) (9,8) (8,20) (20,27) (27,14) (14,3) (3,1) (1,2) (2,26) (26,7) (7,5) (5,17) (17,0) 
Beneficio = 15999

MEJOR SOLUCION: (0,29) (29,3) (3,18) (18,19) (19,9) (9,23) (23,4) (4,24) (24,21) (21,10) (10,22) (22,21) (21,20) (20,8) (8,9) (9,20) (20,27) (27,14) (14,3) (3,1) (1,2) (2,26) (26,7) (7,5) (5,17) (17,0) 
Beneficio = 16077

MEJOR SOLUCION: (0,29) (29,3) (3,18) (18,19) (19,9) (9,23) (23,4) (4,24) (24,21) (21,10) (10,22) (22,21) (21,9) (9,8) (8,20) (20,27) (27,14) (14,3) (3,1) (1,2) (2,26) (26,7) (7,3) (3,17) (17,5) (5,0) 
Beneficio = 16171

MEJOR SOLUCION: (0,29) (29,3) (3,18) (18,19) (19,9) (9,23) (23,4) (4,24) (24,21) (21,10) (10,22) (22,21) (21,9) (9,8) (8,20) (20,27) (27,14) (14,3) (3,1) (1,2) (2,26) (26,7) (7,5) (5,17) (17,0) 
Beneficio = 16326

MEJOR SOLUCION: (0,29) (29,3) (3,18) (18,19) (19,9) (9,23) (23,4) (4,24) (24,21) (21,10) (10,22) (22,9) (9,8) (8,20) (20,27) (27,14) (14,3) (3,1) (1,3) (3,7) (7,26) (26,2) (2,7) (7,5) (5,17) (17,0) 
Beneficio = 16518

MEJOR SOLUCION: (0,29) (29,3) (3,18) (18,19) (19,9) (9,23) (23,4) (4,24) (24,21) (21,10) (10,22) (22,9) (9,8) (8,20) (20,27) (27,14) (14,3) (3,1) (1,2) (2,26) (26,7) (7,3) (3,5) (5,17) (17,0) 
Beneficio = 16645

MEJOR SOLUCION: (0,29) (29,3) (3,18) (18,19) (19,9) (9,23) (23,4) (4,24) (24,21) (21,10) (10,22) (22,9) (9,8) (8,20) (20,27) (27,14) (14,3) (3,1) (1,2) (2,26) (26,7) (7,3) (3,17) (17,5) (5,0) 
Beneficio = 16807

MEJOR SOLUCION: (0,29) (29,3) (3,18) (18,19) (19,9) (9,23) (23,4) (4,24) (24,21) (21,10) (10,22) (22,9) (9,8) (8,20) (20,27) (27,14) (14,3) (3,1) (1,2) (2,26) (26,7) (7,5) (5,17) (17,0) 
Beneficio = 16962
